000000000000001000000001100000000000001100000000000000000000000000000000000000000000000000000000000000000000000000000000000000000000000000000000000000000000000000000000000000000000000000000000000000000000100
000001000001000000000000000000000000000000000000000001000000000000000000000000010000000000000000000000000000000000000000000000000000000001110000000000000000000000000000001100000000001110000000000000000000000
000001000000000000000000000000000000000000000000000001000000000000000000000000000000000001111000011100000000000000000000000000000000000000000000000000000000000000000000111100000000001110000000000000000000000
000001000000000000000000100000000000000000000000000001000000000000000000000000000000000000000000000000000000000001100000000000000000000000000000000000000000000000000001110111011110111111111011111111101001000
000001000001000000000000000000000000000000000000000001000000000000000000000010000000000000000000000000000000000000000000000000000000000001110000000000000000000000000000011110000000000000000000000000000000001
000000000000000000000000000000000000000000000000000000000000000000000000000100000000000000000000000000000000000000000000000000000000010000000100000000000000000000000000000000000000000000000000000000000000000
000001000001000000000000000000000000000000000000000001000000000000000000000000010000000000000000000000000000000000000000000000000000100001110000000000000000000000000000011100000000001110000000000000000000000
000000000000000000000000000010000000000000000000000000000000000000001101100000000000000000000010000001110000000000000000000000000000000000000000000000000000000000000000000100000000100010000000000000000000000
000000000000000000000000000000000000000000000000000000000000000000000000000000000000000000000000000000000010110000000000000000000000000000000000000000000000000000000000000000000000000000000000000000000000000
000000000000000000010001110010000000001100000000011110000000111100001111000000000000000000000010000000000000000000000000000000000000000000000000000000000000000000000000000000000000000000000000000000000000000
000001000000000000000000000000000000000000000000000001000000000000000001000000000000000001111110111111011000001000000111100110010000000000000000000000000000000000000000111100001101111110000000000011110000000
000100000001000000000000000000000000000000000001000010000000001000000100000000000000000000000000000000000000000000000000000000000000000000000000000000000000000000000000000000000000000000000000000000000000000
000000011000100000000000000000000000000000000000000110000000000010000000000000000000000000000000000000000000000000000000000000000000000000000000000000000000000000000000000000000000000000011110000000000000010
000001000000000000000000000000000000000000000000000001000000000000000000000000000000000001111010111011110000001000000111000100000000000000000000000000000000000000000000111100001111111110000000000011110000000
000000000000000000000000000000000000000000000000000000000000000000000000000000000000000000000000000000000000000000000000000000000000000000000000000000000000000000000100000000000000000000000000000000000000000
000001000000000000000000000000000010000010001000000001000100000000000000000000000000000000000000000000000000000000000000000000000000000000000000000000000000000000000011110101111110111111111011111111101111100
000001000001000000000000000000000000000000000000000000000000000000000000000000010000000000000000000000000000000000000000000000000000100010110000000000000000000000000000000010000000001110000000000000000000001
000001000000000000000000000000000000000000000000000001000000000000000000000000000000000001111010111111100000001000000111000100000000000000000000000000000000000000000000111100001111111110000000000011110000000
000000000000000000010001110000000000001000000000011100000000011000000000000000000000000000000000000000000000000000000000000000000000000000000000000000000000000000000000000000000000000000000010000011111000000
000001000000000000000000000000000000000000000000000000000000000000000000001010101011000000000000000000000000000000000000000000000000000000000000010000000000000000000000000000000001100000000000000000000011100
000001000000000000000000000001000000000000000000000000000000000000000000000011100000000000000000000000000000000000000000000000000000000000000010000000000000000000000000000000000010000000000000000000000000000
000001000000000000000000000000000000000000000000000000000000000000000000001010101101000000000000000000000000000000000000000000000000000000000000010000000000000000000000000000000111100000000000000000000011100
000000000000000000000000000000000000000000000000000000000000000000000000000000000000000000000000000000000110010000000000000000000000000000000000000000000000000000000000000000000000000000000000000000000000000
001101000000000000000000000000000000000000000000000000000000000010000000000000000000000000100100000001000000000000000100000010110000000000000000000000000000000000000000000000000000000000000000000000000000000
000000000000100010000001110000000111001100000000111110000000011110001100100000000000000000000000000000000000000000000000000000000000000000000000000000000000000000000000000000000000000000000000111000000000000
001100100000000000000000000000000000000000000000000000000000001101001000000000000000000000000000000000000000000000000000000000000000000000000000000000000000100000000000000000000000000000000000000000000000000
000000000000000000000001110000000000001100000000011000000000011000000000000000000000000000000000000000000000000000001000000000000000000000000000000000000000000000000000000000000000000000000000000000000000000
000000000000000000000001110000000000011100000000011000000000000000000000000000000000000000000000000000000000000000000000000000000000000000000000000000000000000000000000000000000000000000000000000000110000000
000000000000000000000110110001000010001100001000011000000100011000000000000000000000000000000000000000000000000000000000000000000000000000000000000000000000000000000000000000000000000000000000000000000000000
000000000100000100000000000001000000000000000000010100000000010000000000000000000000000000000000000000000000000000000000000000000000000000000000000000000000000000000000000000000000000000111110000001100000000
000001000001000000000000000000000000000000000000000001000000000000000000000010000000000000000000000000000000000000000000000000000000100011010000000000000000000000000000011111000000000000000000000000000000001
000000000000000000000001110000000000011000000000011000000000001000000000000000000000000000000000000000000000000000000000000000000000000000000000000000000000000000000000000000000000000000000000000000111000000
000001000001000000000000000000000000000000000000000001000000000000000000000000000000000001011000000000000000000000000000000000000000000000000000000000000000000000000000011100000000000000000000000000000000001
000001000000000000000000000001000000000000000000000000000000000000000000000011111111000000000000000000000000000000000000000000000000000000000010000000000000000000000000000000001000101100000000000000000000000
000000000000100000000001110000000111001100000000111110000000011110001100100000000000000000000000000000000000000000000000000000000000000000000000000000000000000000000000000000000000000000000011111000000000000
000000111000100000000000000000000000000000000000000110000000000110000000000000000000000000000000000000000000000000000000000000000000000000000000000000000000000000000000000000000000000000000001001000000000010
001100100010000000000000000000000000000000000000010000000000001000001000000000000000000000000000000000000000000000000000000000000000000000000000000001000000000000000000000000000000000000000000000000000000000
000001000000000000000000000000000000000000000000000000000000000000000000001011001111000000000000000000000000000000000000000000000000000000000000010000000000000000000000000000001111001110000000000000000011100
001100000110000000000001110000000000000000000000000010000000001000001000000000000000000000000000000000000000000001000000000000000000000000000000000000000000000000000000000000000000000000000000000000000000000
001100100000100000000000000000000010000010001000000010000100001000001000010000000000010000000001000001000111110100000000001000000000000000000000000000010000000000010001000111010000111111000011111100001111100
000000000000000000000000000000000000000000000000000000000000000000000000010000000000000000000000000000000001000000000000000000000000000000000000000000010000000000000000000000000000000000000000000000000000000
001100110000000000000000000000000000000000000000000000000000001001001000000000000000000000000000000000000000000000000000000000000000000000000000000000000000000001000000000000000000000000000000000000000000000
000000100000000000000000000000000000000000000000000000000000000000000000000000000000000000000000000000000000000000000000000000000000000000000000000000000000001000000000000000000000000000000000000000000000000
000000000000000000000001110000000000101100000000011000000000011000000000000000000000000000000000000000000000000000000000000000000000000000000000000000000000000000000000000000000000000000000000000001110000000
000001100000100000000000000000000000000000000000000000000000000000000000000000000000000000000000000000000000000000000000000000000000000000000000000000001000000000100000000000000000000000000000000000000000010
000000000000000000000000000000000000000000000000010000000000000000000000000000000000000000000000000000000000000000000000000000000000000000000000000100000000000000000000000000000000000000000000000000000000000
000001000000000000000000000000010000000000000000000001000000000000000000000000000000000000000000000000000000000000000000000000000000000000000000000000000000000000000001110111011110111110111010111111101111100
000001000001000000000000000000000000000000000000000000000000000000000000000010000000000000000000000000000000000000000000000000000000100010100000000000000000000000000000011111000000000000000000000000000000001
000000000100000000000001100000000000000000000000000000000000000000001101100000000000000000000000000000000000000000000000000000000000000000000000000000000000000000000000000000000000000000000000000000000000100
000000000000000000000000000000000000000000000000000000000000000000000000000100000000000000000000000000000000000000000000000000000000000000000100000000000100000000000000000000000000000000000000000000000000000
001101010000000000000000000000000000000000000000000000000000000000000000000000000000000000100100000001000000000000000100000000110010000000000000000000000000000000000000000000000000000000000000000000000000000
000001000000000000000000000001000000000000000000000000000000000000000000001011110111000000000000000000000000000000000000000000000000000000000010000000000000000000000000000000000111101000000000000000000000000
000001000000000000000000000000000000000000000000000010000000001000000000000000000000000010001100000001000000000000000100000000010000000000000000000000000000000000000000000000000000000000000000000000000000000
001100000000000000000000000000000000000000000000000010000000001000000100000000000000000000000000000000010000000000000000000000000000000000000000000000000000000000000000000000000000000000000000000000000000000
001100000000000000000000000000000000000000000000000010000000001000001000100000000000000000000000000000001000000000000000000000000000000000000000000000000000000000000000000000000000000000000000000000000000000
000001000000000000000000000000000000000000000000000000000000000000000000000000000000000001000000000000000000000000000000000000000000000000000000000000000000000000000000000000100000000000000000000000000000001
000000000000000000000000000000000000000000000000000001010000000000000000000000000000000000000000000000000000000000000000000000000000000000000000000000000000000000000000111100000000000000000000000000000000000
000000000000100000000001110000010011001100000000011110000000011111001100100000000000000000000000000000000000000000000000000000000000000000000000000000000000000000000000000000000000000000000000000000000000000
000000000000000010000001110000000000001100000000011001000000011111001101100000000000000000000010000001110000000000000000000000000000000000000000000000000000000000000000111100001111111110000000111011110000000
000001000010000000000000000000000000000000000000000000000000000000000000000000000000000000000000000000000000000000000000000000000000000000000000000000000000000000000000000000000000000000000000000011110000000
000001000000000000000000000000000000000000000000000001000000000000000000000000000000000001111010110111110000001000000111000100000000000000000000000000000000000000000000111100001111111110000000000011110000000
000000000110001000000000000000000000000000000000011000000000001000000000000000000000000000000000000000000000000000000000000000000000000000000000000000000000000000000000000000000000000000000000000000111110000
000001000001000000000000000000000000000000000000000001000000000000000000000000000000000001011000000000000000000000000000000000000000000000000000000000000000000000000000001100000000000000000000000000000000001
000001000001000000000000000000000000000000000000000001000000000000000000000001100000000000000000000000000000000000000000000000000000100011110000000000000000000000000000111111000000000110000000000000000000001
000001000000000000000000000000100000000000000000000001000000000000000000000000000000000000000000000000000000000000000000000000000000000000000000000000000000000000000001110111011110111111011010111111101111100
000001000000000000000000000000000000000000000000000001010000000000000000000000000000000000000000100000000000000000000000000000000000000000000000000000000000000000000001110111011110111111111011111111101111100
000001000000000000000000000000000000000000000000000001000001000000000000000000000000000000000000000000000000000000000000000000000000000000000000000000000000000000000001000101011110111111111011111111101111100
000000000000000000000000000000000010000010001100000000100100000000000000000000000000000000000000000000000000000000000000000000000000000000000000000000000000000000000000000000000000000000000000000000000000000
000000000000000000000000000000000000000000000000000000000000000000000000000000000000000000000001000000000000000100000000001000000000000000000000000000000000000000000000000000000000000000000000000000000000000
000000001000100000000001110000000011001100000000111110000000011111001100100000000000000000000000000000000000000000000000000000000000000000000000000000000000000000000000000000000000000000010000000000000000000
000000000000000000000000000000000000000000000000000010000000000000000000000000000000000000000000000000000000000000000000000000000000000000000000000000000000010000000000000000000000000000000001000000000000000
000001000000000000000000000000000000000000000000000001000000000000000100000000000000000001111010111111100000000000000000000000000000000000000000000000000000000000000000111100001011111110000000000000000100000
000001000000000000000000000000000010001000000000000001000000000000000000000000000000000000000000000000000000000000000000000000000000000000000000000000000000000000000001110111011110111111111011111111111011100
000001000001000000000000000000000000000000000000000000000000000000000000000000010000000000000000000000000000000000000000000000000000000010100000000000000000000000000000001100000000001110000000000000000000000
001100000000000000000000000000000000000000000000000010000000001101001000000000000000000000000000000000000000000000000000000001000000000000000000000000000000000000000000000000000000000000000000000000000000000
000000000000100000000000000000000000000000000000000100000000000110000000000000000000000000000000000000000000000000000000000000000000000000000000000000000000000000000000000000000000000000010000000000000000010
000000001000000000000001110000000111001100000000011100000000011111001100100000000000000000000000000000000000000000000000000000000000000000000000000000000000000000000000000000000000000000000011111000000000000
001100001000000000000000000000000000000000000000000010000000001001001000000000000000000000000000000000000000000000000000000000000100000000000000000000000000000000000000000000000000000000000000000000000000000
000001000001000000000000000000000000000000000000000001000000000000000000001011111111000000000000000000000000000000000000000000000000100010111011111111000010000000000000111111001111111110000000000011111111101
000001000000000000000000000000000000000000000000000001000000000000000000000000000000000000111000000000000000000000000000000000000000000000000000000000000000000000000000011100000000000000000000000000000000000
000000000100001000000000000001000000000000000000010100000000010000000000000000000000000000000000000000000000000000000000000000000000000000000000000000000000000000000000000000000000000000111110000001011000000
000001000000000000000000000000000000000000000000000001000000000000000000000000000000000001111010111110110000001000000111000100000000000000000000000000000000000000000000111100001111111110000000000011110000000
000001000000000000000000000000000000000000000000001000000000000000000000000000000000000000000000000000000000001000000110000000000000000000000000000000000000000000000000000000000000000000000001111010110000000
000000000000000000000000001000000010000010000000000000001001000000000000000000000000000000000000000000000000000000000000000000000000000000000000000000000000000000000010000000000000000000000000000000000000000
000000000000000000000000000000000000000000000000000110000000000011000000000000000000000000000000000000000000000000000000000000000000000000000000000000000000000000000000000000000000000000000000111000000000000
000000000000000000000011110000000000001100000000010000000000000000000000000000000000000000000000000000000000000000000000000000000000000000000000000000000000000000000000000000000000000000000000000000010000000
000001000000000000000000000000000000000000000000000010000000001000000000000000000000000000100010000101000000000000000100000000010000000000000000000000000000000000000000000000000000000000000000000000000000000
000000000000000010000001110000000000001100000000011101000000011111001101100000000000000000000010000001110000000000000000000000000000000000000000000000000000000000000000111100001111111110000000111011110000000
000000000110001100000000000001000000000000000000011100000000011000000000000000000000000000000000000000000000000000000000000000000000000000000000000000000000000000000000000000000000000000111110000001111011000
000001000000000000000000000000000000000000000000000000000000000000000000000000000100000000000000000000000000000000000000000000000000000101100000000100000000000100000000000000000000000000000000000000000000000
000000000000000000000000000000000000000000000000000000000000000100000000000000000000000000000000000000000000000000000000000000000000000000000000000000000010000000000000000000000000000000111110000000000000000
000001000000000010000000000000000000000000000000000001000000000000000000000000000000000000000000000000000000000000000000000111100000000000000000000000000000000000000001110111011110111111111011111111101111100
001101000000000000000000000000000000000000000000000000000000100000000000000000000000000000000100000001000000001000010100000000010000000000000000000000000000000000000000000000000000000000000000000000000000000
000000010000000000000000000000000000000000000000000000000000000000000000000000000000000000000000000000000000000000000000000000000000000000000000000000000000000100000000000000000000000000000000000000000000000
000000000000000000000000000000000000000000000000000000000000000000000100000000000010000000000000000000000000000000000000000000000000000000000000000000000000000000000000000000000000000000000000000000000000000
000000000000000000000000000000000000000000000000000000000000000000000000000000000000010000000001000000000000000000000000001000000000000000000000000000000000000000000000000000000000000000000000000000000000000
000000000010001100000000000001000000000000000000000000000000000000000000000000000000000000000000000000000000000000000000000000000000000000000000000000000000000000000000000000000000000000000000000000000011100
000001000001000000000000000000000000000000000000000001000000000000000000001011111111000000000000000000000000000000000000000000000000100011010010000000000000000000000000111111001111111110000000000000000000001
000000000000000000000000000000000000000000000000000000000000000000000000000000000000001000000000000000000000000000000000000000000000000000000000000000000000000000000000000000000000000000000000000000000000000
000000000000100000000001110000110111001101000000111110000001011111001101100000000000000000000000000000000000000000000000000000000000000000000000000000000000000000000000000000000000000000000000000000000000000
000000010000100000000001110000000110001100000000111110000000011111001100100000000000000000000000000000000000000000000000000000000000000000000000000000000000000000000000000000000000000000001000000000000000000
000000000000100000000001110000010110001100000000011110000000011111001100100000000000000000000000000000000000000000000000000000000000000000000000000000000000000000000000000000000000000000000000000000000000000
000000000000000000000000000000000000000000000100000000100000000000000000000000000000000000000000000000000000000000000000000000000000000000000000000000000000000000000000000000000000000000000000000000000000000
000000000000000000000001110000000000001010000000000000000000001000000000000000000000000000000000000000000000000000000000000000000000000000000000000000000000000000000000000000000000000000000000000000001000000
000000000000000000010001110000000000001100000000011100000000011000001101100000000000000000000010000001110000000000000000000000000000000000000000000000000000000000000000000000000000100010000000000000000000001
000000100000000000000001110000000010001100000000011100000000011111001100100000000000000000000000000000000000000000000000000000000000000000000000000000000000000000000000000000000000000000000011111000000000000
000001000000000000000000000001000000000000000000000000000000000000000000000000000000000000000000000000000000000000000000000000000000000000000000000000000000000000000000000000000000000000000000000011110000000
000001000000000000000000001000000000000000000000000001000000000000000000000000000000000000000000111100000000000000000000000000000000000000000000000000000000000000000001110111011110111111111011111111101111100
000001000000000000000000000000000000000000000000000000000000000000000000000000000000000100100000000001000000000000000100000000010000000000000000000000000000000000000000000000000000000000000000000000000000000
000001000000000000000000000000000000000000000000000000000000000000000000000000000000000001000000000000000000000000000000000000000000000000000000000000000000000000000010000000000000000000000000000000000000001
000001000000000000000000000000001000000000000000000001000000000000000000000000000000000001111010111111110000001000000111000111110000000000000000000000000000000000000000111100001111111110000011111011110000000
001100100010000100000000000000000000000000000000000000000000001000001000000000000000000000000000000000000000000000000000000000000000000000000000100000000000000000000000000000000000000000000000000000000000000
000001000000000000000000000000000000000000000000000001000000000000000000000000000000000001101000000000000000000000000000000000000000000000000000000000000000000000000000001100000000000000000000000000000000000
000000000000000000000001110000000000101100000000011000000000010000000000000000000000000000000000000000000000000000000000000000000000000000000000000000000000000000000000000000000000000000000000000001110000000
001100110000000000000000000000000000000000000000000010000100001000001000010100000000010000000001000001000111110100000000001000000000010000000100000000010100000000010010000000000000000000000000000000000000000
000000000110000100000000000001000000000000000000010100000000010000000000000000000000000000000000000000000000000000000000000000000000000000000000000000000000000000000000000000000000000000111110000001111010000
000000000000000000000001110000000000001000000000000000000000000000000000000000000000000000000000000000000000000000010000000000000000000000000000000000000000000000000000000000000000000000000000000000000000000
001100101000000000000000000000000000000000000000000000000000001001001000000000000000000000000000000000000000000000000000000000000000000000000000000000000000000010000000000000000000000000000000000000000000000
000001000000000000000000000000000000000000000000000001000000000000000000000000000000000001111010011111110000001000000111000100000000000000000000000000000000000000000000111100001111111110000000000011110000000
000000000010000000000001010000000000001000000000000001000000000000001101100000000000000000000010000001110000000000000000000000000000000000000000000000000000000000000000111100001111111110000000000000000001000
000001000000000000000000000000000000100000000000000001000000000000000000000000000000000000000000000000000000001010000111000000000000000000000000000000000000000000000001110111011110111111111011111011110010000
000000000000110000000001110000001111001100000000111100000000111111001101100000000000000000000000000000000000000000000000000000010000000000000000000000000000000000000000000000000000000000000000000000000000000
000001000000000000000000000000000000000000000000000000000000000000000000000000000000000010110000000001000000000000000100000000010000000000000000000000000000000000000000000000000000000000000000000000000000000
000000000000000000000000001000000000000000000000000001000000000000000000000000000000000000000000000000000000000000000000000000000000000000000000000000000000000000000000111100000000001110000000000000000000000
000000000000000011100000000000000010000010001000000000000100000000000000000000000000000000000000000000000000000000000000000000000000000000000000000000000000000000000000000000000000000000000000000000000000000
000001000000000000000000000000000000000000000000000000000000000000000000000000000000000000100000111001000000000000000100000000010000000000000000000000000000000000000000000000000000001110000000000000000000000
000000000010001100000000000001000000000000000000000000000000000000000000000000000000000000000000000000000000000000000000000000000000000000000000000000000000000000000000000000000000000000000000000000000111100
001101000000000100000000000000000000000000000000000000000000000000000000000000000000000000000100000001000000000000110100000000010000000000000000000000000000000000000000000000000000000000000000000000000000000
000010000000000000000000000000000000000000000000000000000000000000000000000000000000000000000000000000000000000000000000000000000000000000000000000000000000000000000000000000000000000000000000000000000000000
000000001000000000000001110000000110001100000000011110000000011111001100100000000000000000000000000000000000000000000000000000000000000000000000000000000000000000000000000000000000000000001011111000000000000
000001000000000000000000000000000000000000000000000001000000000000000000000000000000000001101000000000000000000000000000000000000000000000000000000000000000000000000000011100000000000000000000000000000000000
000000000000000000000000000000000000000000000000000000000000000000000000000000000000000000000000000000000000000000000000000000000000000000000000000000000000000000001000000000000000000000000000000000000000000
000001000000000000000000000000000000000000000000000000000000000000000000001010101111000000000000000000000000000000000000000000000000000000000000010000000000000000000000000000000001001110000000000000000011100
000001000000000000000000000000000000000010000000000000000000000000000000000000000000000000000000000000000000001000000111000000000000000000000000000000000000000000000000000000000000000000000001111011110000000
000001000000000000000000000000000000000000000000000000000000000000000000001010101101000000000000000000000000000000000000000000000000000000000000010000000000000000000000000000000011100000000000000000000011100
001101000000000000000000000000000000000000000000000000000000000000000000000000000000000000000010000001110000000010000000000000000000000000000000000000000000000000000000100000001111000000000000000000000000000
000000000000100000000001110000000110001100000000111110000000011111001100100000000000000000000000000000000000000000000000000000000000000000000000000000000000000000000000000000000000000000001010000000000000000
001100000000000000000000000000000000000000000000000110000000001001001000000000000000000000000000000000000000000000000000000010000000000000000000000000000000000000000000000000000000000000000000000000000000000
000001000000000000000000000000000000000000000000000000000000000000000000000001100100000000000000000000000000000000000000000000000000000001000000000100000000000100000000000000000000000000000000000000000000000
000001000000000000000000000000000000000000000000000001100000000000000000000000000000000000000000111000000000000000000000000000000000000000000000000000000000000000000001110111011110100111111011111111101111100
000000000000000000010011110000000000001100000000001100000000011000000000000000000000000000000000000000000000000000000000000000000000000000000000000000000000000000000000000000000000000000000000000000000000000
000000000000000000000001110000000000101100000000010000000000011000000000000000000000000000000000000000000000000000000000000000000000000000000000000000000000000000000000000000000000000000000000000001110000000
000000000000000000000000000000000000000000000000000000000000000000000000010000000000000000000000000000000001000000000000000000000000000000000000000000000000000000010000000000000000000000000000000000000000000
000001000000000000000000000000000000000000000000000000000000000000000000001010111111000000000000000000000000000000000000000000000000000000000000010000000000000000000000000000001111001110000000000000000011100
001100010000000000000000000000000000000000000000000010000000001001001000000000000000000000000000000000000000000000000000000000000010000000000000000000000000000000000000000000000000000000000000000000000000000
001100000010000000000000000000000000000000000000001010000000011000001000000000000000000000000000000000000000000000000000100000000000000000000000000000000000000000000000000000000000000000000000000000000000000
000001000000000000000000000001000000000000000000000000000000000000000000001010101011000000000000000000000000000000000000000000000000000000000010000000000000000000000000000000001111100000000000000000000000000
001100100010000000000000000000000000000000000000001000000000001000001000000000000000000000000000000000000000000000000000000000000000000000000000000010000000000000000000000000000000000000000000000000000000000
000001000001000000000000000000000000000000000000000001000000000000000000000010000000000000000000000000000000000000000000000000000000100011100000000000000000000000000000011111000000000000000000000000000000001
000001000000000000000000000001000000000000000000000000000000000000000000000011110111000000000000000000000000000000000000000000000000000000000010000000000000000000000000000000000101101000000000000000000000000
000001000001000000000000000000000000000000000000000001000000000000000000000010000000000000000000000000000000000000000000000000000000000011010000000000000000000000000000001111000000000000000000000000000000001
000001000000000000000000000000000100000000000000000001000000000000000000000000000000000000000000000000000000000000000000000000000000000000000000000000000000000000000001110111011110111111110010111111101111100
000000000000000000000000001000000010000010000000000000000011000000000000000000000000000000000000000000000000000000000000000000000000000000000000000000000000000000000010000000000000000000000000000000000000000
000000000000000010000001110000000000001100000000011101000000011011001101100000000000000000000010000001110000000000000000000000000000000000000000000000000000000000000000111100001111111110000000111011110000000
000001000000000000000000000000000000000000000000000000000000000000000000000000000000000000100000010101000000000000000100000000010000000000000000000000000000000000000000000000000000000000000000000000000000000
100000000000000000000000000000000000000000000000000000000000000000000000000000000000001000000000000000000000000000000000000000000000000000000000000000000000000000000000000000000000000000000000000000000000000
000000000000000000010000000000000000000100000000011101000000011000001101100000000000000000000010000001110000000000000000000000000000000000000000000000000000000000000000111100001111111110000000000011110100000
000000000000000000000000000000000000000000000000000000000000000000000000000000000000000000000000000000000100110000000000000000000000000000000000000000000000000000000000000000000000000000000000000000000000000
000000000010001000000001110000000000000100000000000000000000000000000000000000000000000000000000000000000000000000000000000000000000000000000000000000000000000000000000000000000000000000000000000000000100000
000001000000000000000000000000000000000000000000000001001000000000000000000000000000000001111000000000000000000000000000000000000000000000000000000000000000000000000000111100000000011110000000000000000000000
000001000000000000000000000000000000000000000000000001000000000000000000000000000000000001111110111111111000001000000111100110010000000000000000000000000000000000000000111100001111011110000000000011110000000
000000000000001000000000000000000000000100000000000001000000000000001101100000000000000000000010000001110000000000000000000000000000000000000000000000000000000000000000111100001111111110000000000000000100000
000001000000000000000000000000000000000000000000000000000000000000000000000000000000000000100000101101000000000000000100000000010000000000000000000000000000000000000000000000000000000010000000000000000000000
000000000000000000000000000000000010011110001000000000000100000000000000000000000000000000000000000000000000000000000000000000000000000000000000000000000000000000000000000000000000000000000000000000000000000
000001000000000000000000000000000000000000000000010000000000000000000000000000000000000000000000000000000000001000000101000000000000000000000000000000000000000000000000000000000000000000000001111011010000000
001100000000000000000000000000000000000000000000000010000000001010001000000000000000000000000000000000000000000000000000000000100000000000000000000000000000000000000000000000000000000000000000000000000000000
000000000100001000000000000001000000000000000000011100000000010000000000000000000000000000000000000000000000000000000000000000000000000000000000000000000000000000000000000000000000000000111110000001111000000
000001000000000000000000000000000000000000000000000000000000000000000000001010101011000000000000000000000000000000000000000000000000000000000000010000000000000000000000000000000111100000000000000000000011100
000000000000000001000001110000000000001100000000011101000000011110001101100000000000000000000010000001110000000000000000000000000000000000000000000000000000000000000000111100001111111110000000011011110000000
000000000000000000010001110000000000001100000000011100000000010000000000000000000000000000000000000000000000000000000000000000000000000000000000000000000000000000000000000000000000000000000010000011110000000
000000000000000000000011110000000000001000000000010000000000001000000000000000000000000000000000000000000000000000000000000000000000000000000000000000000000000000000000000000000000000000000000000000011000000
000001000001000000000000000000000000000000000000000000000000000000000000000000000000000001010000000000000000000000000000000000000000000000000000000000000000000000000000001100000000000000000000000000000000001
000000000000001000000001010000000000001100000000000000000000000000000000000000000000000000000000000000000000000000000000000000000000000000000000000000000000000000000000000000000000000000000000000000000001000
000001000000000000000000000000000000000000000000000000000000000000000000000010000000000000000000000000000000000000000000000000000000100000000000000000000000000000000000000000000000000000000000000000000000000
001101000000000000000000000000000000000000000000000100000000000000000000000000000000000000100100000001000000000000000100000011110000000000000000000000000000000000000000000000000000000000000001110000000000000
000000000000000000001000000000000000000000000000000000000000000000000000000000000000000000000000000000000000000000000000000000000000000000000000000000000000000000000000000000000000000000000000000000000000000
000000000000000001000001110000000000001100000000011001000000011110001101100000000000000000000010000001110000000000000000000000000000000000000000000000000000000000000000111100001111111110000000011011110000000
000001000000000000010000000000000000000000000000000001000000000000000000000000000000000000000000000000000000000000000000000111100000000000000000000000000000000000000001110111011110111111111011111111101111100
000001000000000000000000000000000000000000000000000001000000000000000000000000000000000001111000011000000000000000000000000000000000000000000000000000000000000000000000111100000000000110000000000000000000000
000000000000000000000000000000000000000000000000000001000000000000000000000000000000000000000000000000000000000000000000000000000000000000000000000000000000000000000000111110000000000000000000000000000000001
000000000000000000010001110000000000001100000000011100000000001000000000000000000000000000000000000000000000000000000000000000000000000000000000000000000000000000000000000000000000000000000010000011110000000
000000000100001000000000000001000000000000000000001100000000001000000000000000000000000000000000000000000000000000000000000000000000000000000000000000000000000000000000000000000000000000111110000000111000000
000001000000000000000000000000000000000000000000000000000000000000000000000000000000000000000000000000000000001000000111000000000000000000000000000000000000000000000000000000000000000000000001111010110000000
000001000000000000000000000000000000000000000000000000000000000000000000001011101111000000000000000000000000000000000000000000000000000000000000010000000000000000000000000000001111010010000000000000000011100
000001000000000000000000000000000000000000001000000001000000000000000000000000000000000001111010111111110000001000000111000100000000000000000000000000000000000000000000111111001111111111111011100111110000000
000001000000000000000000000000000000000000000000000001000010000000000000000000000000000001111000000000000000000000000000000000000000000000000000000000000000000000000000111100000000011110000000000000000000000
001100100010000000000000000000000000000000000000001000000000011000001000000000000000000000000000000000000000000000000000000000000000000000000000000000100000000000000000000000000000000000000000000000000000000
000000000000000000000001100000000010000010001000000000000100000000000000000000000000000000000000000000000000000000000000000000000000000000000000000000000000000000000000000000000000000000000000000000000000000
000000000000000000000000000000000000000000000000000001000000000000000000000000000000000000000000000000000000000000000000000000000000000000000000000000000000000000000000111011000000000000000000000000000000001
000001000001000000000000000000000000000000000000000000000000000000000000000000000000000000110000000000000000000000000000000000000000000000000000000000000000000000000000001100000000000000000000000000000000001
000001000000000000000000000000000000000000000000000010000000001000000000000000000000000010000000000001000000000000000100000000010000000000000000000000000000000000000000000000000000000000000000000000000000000
000001100000000000000000000000000000000000000000000000000000001000000000000000000100000000000000000000000000000000000000000000000000000100010000000100000000000100000000000000000000000000000000000000000000000
000000000000100001000001110000000111001100000000111110000000011101001100100000000000000000000000000000000000000000000000000000000000000000000000000000000000000000000000000000000000000000000000000000000000000
000000000000000000010001110000000000001100010000011110000000111100001100100000000000000000000000000000100000000000000000000000000000000000000000000000000000000000000000000000000000000000000000000000000000000
000000000000000000100001110000000000001100000000011001000000011100001101100000000000000000000010000001110000000000000000000000000000000000000000000000000000000000000000111100001111111110000000001011110000000
000000000000000001100000000000000010000010001000000000000100000000000000000000000000000000000000000000000000000000000000000000000000000000000000000000000000000000000000000000000000000000000000000000000000000
000001000000000000000000000010000000000000000000000001000000000000000000000000000000000001111010111111110000001000000111000100000000000000000000000000000000000000000000111111001111111111111011100111110000000
000000000000000000000001110000000000001100000000111101000000011111001101100000000000000000000010000001110000000000000000000000000000000000000000000000000000000000000000111100001111111110000001111011110000000
001101100000001000000000000000000000000000000000001000000000000000000000000000000100000000000000000000000000000000000000000000000000000000000000011001000000000100000000000000000000000000000000000000000000000
000000000000000000000000000000000000000000000000000000000000000000000000100000000001000000000000000000000000000000000000000000000000000000000000000000000000000000000000000000000000000000000000000000000000000
001101000000000000000000000000000000000000000000000000000000000000000010000000000000000000000010000001010000000000000100000000010000000000000000000000000000000000000000000000000000000000000000000000000000000
000000111000000000000000000000000000000000000000000010000000000000000000000000000000000000000000000000000000000000000000000000000000000000000000000000000000000000000000000000000000000000111110000000000000010
000001000000000000000000000000000000000000000000000010000000001000000000000000000000000010101100000001000000000000000100000000010000000000000000000000000000000000000000000000000000000000000000000000000000000
000000000000000000000000010000000000000000000000000000000000000000000000000000000000000000000000000000000000000010000000000000000000000000000000000000000000000000000000000000000000000000000000000000000000000
000001000000000000000000000000000010000010000000000000000000000000000000000000000000000000000000000000000000000000000000000000000000000000000000000000000000000000000001100101011110111111111011111111101111100
001101000000000000000000000000000000000000000000000000000000010000000000000000000000000000000100000001000000000011010111100000010000000000000000000000000000000000000000000000000000000000000001111001110000000
000001000000000000000000000000000000000000000000000000000000000000000000000000000000000011001000000001000000000000000100000000010000000000000000000000000000000000000000000000000000000000000000000000000000000
000001000000000000000000000000000000000000000000000000000000000000000000000000000100000000000000000000000000000000000000000000000000100101010000000100000000000100000000000000000000000000000000000000000000000
000000000000000000000000000000000000000000010000000000000000000000001001000000000000000000000000000001100000000000000000000000000000000000000000000000000000000000000000000100000000100010000000000000000000000
000000000000000000000001110000000000001000000000000000000000000000000000000000000000000000000000000000000000000000100000000000000000000000000000000000000000000000000000000000000000000000000000000000000000000
000001000000000000000000000000000000000000000000000001000000000000000000000000000000000001111000101000000000000000000000000000000000000000000000000000000000000000000000111100000000000110000000000000000000000
000000000000100000000001110000000111001100000000111110000000111111001101100000000000000000000000000000000000000000000000000000001000000000000000000000000000000000000000000000000000000000000000000000000000000
000001000000000000000000000000000000000000000000000001000000000000000000000000000000000001111000111101110000000000000000000000000000000000000000000000000000000000000000111100000011111110000000000000000000000
000001000000000000000000000000000000000000000000000001000000000000000000000010000000000000000000000000000000000000000000000000000000000001110000000000000000000000000000011111000000000000000000000000000000001
001100100010000000000000000001000000000000000000000000000000001000001000000000000000000000000000000000000000000000000000000000000000000000000001000000000000000000000000000000000000000000000000000000000000000
000001000000000000000000000000000000000000000000000001000000000000000000000000000000000001110000000000000000000000000000000000000000000000000000000000000000000000000000011100000000000000000000000000000000000
000000000000100000100001110000000111001100000000111110000000011011001100100000000000000000000000000000000000000000000000000000000000000000000000000000000000000000000000000000000000000000000000000000000000000
001101000110001000000000000000000000000000000000000000000000000000000000000000000000000000000100000001000000001001010111100000010000000000000000000000000000000000000000000000000000000000000001111011110100000
000001000000000000000000000000000000000000000000000000000000000000000000000000010000000000000000000000000000000000000000000000000000100010110000000000000000000000000000000010000000001110000000000000000000001
000000000000000001000001110000000000001100000000011101000000011010001101100000000000000000000010000001110000000000000000000000000000000000000000000000000000000000000000111100001111111110000000011011110000000
000001000000000000000000000000000010000010000000000001000000000000000000000000000000000000000000000000000000000000000000000000000000000000000000000000000000000000000001110111010011101111111011111111101111100
001100100110000100000001110000000000000000000000000000000000001000001000000000000000000000000000000000000000000000000000000000000000000000000000000000000000000000000000000000000000000000000000000000000000000
000000111010100000000000000000000000000000000000000111000000000111001101101000000111000000000000000000000000000000000000000000000000000000000000000000000000000000000000111100001111111110111111111000000011110
000000000111000100000000000001000000000000000000000001000000000000001101101000000111000000000000000000000000000000000000000000000000000000000000000000000000000000000000111111001111111110000000000000000011101
000001000000000000000000000000000000000001000000000001000000000000000000000000000000000000000000000000000000000000000000000000000000000000000000000000000000000000000001110111010010111111111011111111101111100
001101000000000000000000000000000000000000000000000000000000000001000000000000000000000000100100000001000000000000000100000011010000000000000000000000000000000000000000000000000000000000000000000000000000000
000000000000000000010001110000000000001100000000001100000000011000000000000000000000000000000000000000000000000000000000000000000000000000000000000000000000000000000000000000000000000000000010000011110000000
000000001000000000000001110000000101001100000000011110000000011111001100100000000000000000000000000000000000000000000000000000000000000000000000000000000000000000000000000000000000000000000111111000000000000
000000101000100000000000000000000000000000000000000010000000000000000000000000000000000000000000000000000000000000000000000000000000000000000000000000000000000000000000000000000000000000111110000000000000010
000001000001000000000000000000000000000000000000000001000000000000000000000000010000000000000000000000000000000000000000000000000000100010110000000000000000000000000000011100000000001110000000000000000000000
000001000001000000000000000000000000000000000000000001000000000000000000000001000000000000000000000000000000000000000000000000000000100011110000000000000000000000000000111111000000000010000000000000000000001
000001000001000000000000000000000000000000000000000001000000000000000000000000010000000000000000000000000000000000000000000000000000000011010000000000000000000000000000001100000000001110000000000000000000000
000000000000001000000001110000000000000100000000000000000000000000000000000000000000000000000000000000000000000000000000000000000000000000000000000000000000000000000000000000000000000000000000000000000100000
000000000000100000000001110000010101001100000000011110000000011111001100100000000000000000000000000000000000000000000000000000000000000000000000000000000000000000000000000000000000000000000000000000000000000
000000000000100000000000000000000000000000000000000000000000000000000000000000000000000000000000000000000000000000000000000000000000000000000000000000000000000000000000000000000000000000100000000000000000000
001100000010000100000000010001000000010100000000010010000000111000001000000000000000000000000000000000000000000000000001000000000000000000000000000000000000000000000000000000000000000000000000000000000000000
000001000000000000000000000000000000000000000000000001000000000000000000000000000000000001111000111101000000000000000000000000000000000000000000000000000000000000000000111100000000111110000000000000000000000
000000000010000000000000110000000000001000000000000001000000000000001101100000000000000000000010000001110000000000000000000000000000000000000000000000000000000000000000111100001111111110000000000000000010000
000001000000000000000000000000000000000000000000000001000000000000000000000000000000000001111000111101100000000000000000000000000000000000000000000000000000000000000000111100000001111110000000000000000000000
000000000000100000000001110000000111001100000000111010000000011111001100100000000000000000000000000000000000000000000000000000000000000000000000000000000000000000000000000000000000000000000011111000000000000
000000000000000000000000000001000000000000000000000000000000000000000000001000000000000000000000000000000000000000000000000000000000000000000000000000000000000000000000000000001000000000000000000000000000000
000000000000000000100001110000000000001100000000011101000000011100001101100000000000000000000010000001110000000000000000000000000000000000000000000000000000000000000000111100001111111110000000001011110000000
010000000000000000000000000000000000000000000000000000000000000000110000000000000000000000000000000000000000000000000000000000000000000000000000000000000000000000000000000000000000000000000000000000000000000
001100100000100000000000000000000010000010001000000010000100001000001000010100000000000000000000000001000111110000000000000000000000010000000100000000010100000000010001000111010000111111000011111100001111100
000000000000000000000000000000000000000000000000000000000000000000000000000000000000010000000001000000000000000100000000000000000000000000000000000000000000000000000000000000000000000000000000000000000000000
001101000000000000000000000000000000000000000000000000000000000000000010100000000000000000000010000001000000001000000111000100000000000000000000000000000000000000000000000000001000000000000000000000010010000
000001000000000000000100000000000000000000000000000001000000000000000000000000000000000000000000000000000000000000000000000000000000000000000000000000000000000000000001110111011110111111111011111101101011100
000000000010000000000001100000000000001000000000000001000000000000001101100000000000000000000010000001110000000000000000000000000000000000000000000000000000000000000000111100001111111110000000000000000000100
000001000000000000000010000000000000000000000000000000000000000000000000000000000000000000000000000000000000001000000111000000000000000000000000000000000000000000000000000000000000000000000001111011110000000
000001000000000000000000000000000010100000000000000001000000000000000000000000000000000000000000000000000000000000000000000000000000000000000000000000000000000000000001110111011110111111111011111101111011100
000001000000000000000000000000000010000010000000000001000000000000000000000000000000000000000000000000000000000000000000000000000000000000000000000000000000000000000001110111011010001111111011111111101111100
000000010000000000000001110000000011001100000000011110000000011111001100100000000000000000000000000000000000000000000000000000000000000000000000000000000000000000000000000000000000000000000011111000000000000
000000000000000010000000000000001110000010001000000000000100000000000000000000000000000000000000000000000000000000000000000000000000000000000000000000000000000000000000000000000000000000000000000000000000000
000000000000000000000000000000000000000000000000000000000000000000000000010000000000000000000000000000000000000000000000000000000000000000000000000000010000000000010000000000000000000000000000000000000000000
000000000110001000000000000001000000000000000000000000000000000000000000000000000000000000000000000000000000000000000000000000000000000000000000000000000000000000000000000000000000000000000000000000000011100
001100100000100000000000000000000010000010001000000010000100001000001000000100000000010000000001000001000110110100000000001000000000010000000100000000000100000000000001000111010000111111000011111100001111100
000000000100001000000000000001000000000000000000001100000000011000000000000000000000000000000000000000000000000000000000000000000000000000000000000000000000000000000000000000000000000000111110000001111000000
000000000000000000000000000000000000000000000000000000000000001000000000000000000000000000000000000000000000000000000000000000000000000000000000001000000000000000000000000000000000000000000000000000000000000
000000000000000000000000001000000010000010000001000000000001000000000000000000000000000000000000000000000000000000000000000000000000000000000000000000000000000000000010000000000000000000000000000000000000000
001101000000000000000000000000000000000000000000000000000000000000000000000000000100000000000000000000000000000000000000000000000000000001001000010100100000000100000000000000000000000000000000000000000000000
000001000001000000000000000000000000000000000000000001000000000000000000000000010000000000000000000000000000000000000000000000000000100011100000000000000000000000000000011100000000001110000000000000000000000
000000000000000000000000000010000000000000000000000000000000000000001001100000000000000000000010000001100000000000000000000000000000000000000000000000000000000000000000000100000000100010000000000000000000000
000000000000100000010001110000000111001100000000111010000000011111001100100000000000000000000000000000000000000000000000000000000000000000000000000000000000000000000000000000000000000000000000000000000000000
000000000000000000000000000000000000000000000000000000000000000000000000000000000000000000000000000000000001000000000000000000000000000000000000000000010000000000010000000000000000000000000000000000000000000
001100000001000000000000000000000000000000000000000001000000000000000000000000000000000000000000000000000000000000000000000000000000000000000000000000000000000000000010111100000000010000000000000000000000001
000001000000000000000000000000000000001000000000000000000000000000000000000000000000000000000000000000000000000000010000000000000000000000000000000000000000000000000000000000000000000000000000000011110100000
000000000000000000000000000000000000000000010000000000000000000000000001000000000000000000000000000000100000000000000000000000000000000000000000000000000000000000000000000100000000100010000000000000000000000
000000000000000000000000000000000010111000001000000000000100000000000000000000000000000000000000000000000000000000000000000000000000000000000000000000000000000000000000000000000000000000000000000000000000000
000000110000100000000000000000000000000000000000000010000000000000000000000000000000000000000000000000000000000000000000000000000000000000000000000000000000000000000000000000000000000000111110000000000000010
001100100000000000000000000000000000000000000000000000000000001000001000100000000000100000000000000000000000000000000000000000000000000000000000000000000000000000000000000000000000000000000000000000000000000
000001000000000000000000000000000000000000000000000000000000000000000000001011101111000000000000000000000000000000000000000000000000000000000000010000000000000000000000000000001111011110000000000000000011100
000001000001000000000000000000000000000000000000000001000000000000000000001000111111000000000000000000000000000000000000000000000000100011111011111111000011111111000000111111001111100110011111111011111111111
000001000000000000000000000000000000000000000000100001000000000000000000000000000000000001111110111111110000001000000111100111111000000000000000000000000000000000000000111100001111111110000011111011110000000
000001000000000000000000000000000000000000000000000001000000000000000000100000000000000001111100111111111000001000000111100110010000000000000000000000000000000000000000111100000111111110000000000011110000000
000000000000000000000000000000000000000000000100000001000000000000000000000000000000000000000000000000000000000000000000000000000000000000000000000000000000000000000000111100000000000110000000000000000000000
000000011000100000000000000000000000000000000000000010000000000000000000000000000000000000000000000000000000000000000000000000000000000000000000000000000000000000000000000000000000000000111110000000000000010
001100000000000000010001111000000000001100000111011100111110011000001101100000000000000000000010000001110000000000000000000000000000000000000000000000000000000000000000000000001111100000000000000011110000000
000000000001000000000000000000000000000000000000000000000000000000000000000000000000000000000000000000000000000000000000000000000000000000000000000000000000000000000000011101000000000000000000000000000000001
000000000011000000000000000000000000000000000000000001000000000000001100000000000000000000000000000000000000000000000000000000000000000000000000000000000000000000000000111101001111101110000000000000000011101
000000000000100000000001110000000111001100000000111110000000011111001101100000000000000000000010000001110000000000000000000000000000000000000000000000000000000000000000000000000000100010000010001000000000001
000000000100001000000000000001000000000000000000000000000000000000000000000000000000000000000000000000000000000000000000000000000000000000000000000000000000000000000000000000000000000000000000000000000001100
000001000001000000000000000000000000000000000000000001000000000000000000000010000000000000000000000000000000000000000000000000000000100011010000000000000000000000000000010101000000000000000000000000000000001
000001000000000000000000000000000000000000000000000000000000000000000000001010101110000000000000000000000000000000000000000000000000000000000000010000000000000000000000000000000111100000000000000000000011100
000000000000000000010001110000000000001110000000011100000000010000000000000000000000000000000000000000000000000000000000000000000000000000000000000000000000000000000000000000000000000000000000000000000000000
000001000000000000000000000000000000000000000000000001000000000000000000000000000000000001011010111111110000000010000000000000000000000000000000000000000000000000000000111100001111111110000000000000000000000
000001000000000000000000000000000010000010000000000001000000000000000000000000000000000000000000000000000000000000000000000000000000000000000000000000000000000000000001110111011100101111111011111111101111100
000000000000000000000000000001000000000000000000000000000000000000000101100000000010000000000000000000000000000000000000000000000000000000000000000000000000000000000000000000000101101000000000000000000000000
001101000000000000000000000000000000000000000000000000000000000100000000000000000000000000100100000001000000000000000100000100110000000000000000000000000000000000000000000000000000000000000000000000000000000
000000111110101100000000000001000000000000000000011110000000011111001101101000000111000000000000000000000000000000000000000000000000000000000000000000000000000000000000000001001111111110111111111011111111111
000001000000000000000000000000000010000000000000100001000000000000000000000000000000000001111010111111110000001000000111000111111000000000000000000000000000000000000000111111001111111110100111111111110000000
000001000000000000000000000000000000000000000100000001000000000000000000000000000000000000000000111100000000000000000000000000000000000000000000000000000000000000000001110111011110111111111011111111101111100
000000000000000000000000000000000000000000000000000000000000000000000000000000000000000000000000000000000000000000000000000000000000010000000100000000000100000000000000000000000000000000000000000000000000000
000001000001000000000000000000000000000000000000000001000000000000000000001011111111000000000000000000000000000000000000000000000000100011100010000000000000000000000000111111001111111110000000000000000000001
000000000000000000000000000000000000000000000000000000000000000000000000000000000000000000000000000000000110100000000000000000000000000000000000000000000000000000000000000000000000000000000000000000000000000
001000000001000000000000000000000000000000000001000010000000001000000100000000000000000000000000000000000000000000000000000000000000000000000000000000000000000000000000000000000000000000000000000000000000000
000001000000000000000000000000000000000000000000000001000000000000000000000000000000000001111010111111110000001000000111010111110000000000000000000000000000000000000000111100001111111110000011111011110000000
000000000000000010000001110000000000001100000000011101000000011101001101100000000000000000000010000001110000000000000000000000000000000000000000000000000000000000000000111100001111111110000000111011110000000
000000000000000000000000000000000000000000000000000000000000000000000000000100000000000000000000000000000000000000000000000000000000010000000000000000000100000000000000000000000000000000000000000000000000000
000001000000000000000000000000000000000000000000000000000000000000000000000000000000000000000000000000000000001000000111000000000000000000000000000000000000000000000000000000000000000000000001111011010000000
001101001000000000000000000000000000000000000000000000000000000000000000000000000000000000100100000001000000000000000100000000110100000000000000000000000000000000000000000000000000000000000000000000000000000
000000101000000000000000000000000000000000000000000110000000000010000000000000000000000000000000000000000000000000000000000000000000000000000000000000000000000000000000000000000000000000001110000000000000010
001100100000100000000000000000000010000010001000000010000100001000001000010100000000010000000001000001000001000100000000001000000000010000000100000000010100000000010001000111010000111111000011111100001111100
000000000000000000000000000000000000000000000000000000000000000000000000000000000000010000000000000000000000000100000000001000000000000000000000000000000000000000000000000000000000000000000000000000000000000
000000000000000000000000000000000000000000000000000000000000000000000000000000000000000000000000000000000000000000000000000000000000000000000000000000001000000000000000000000000000000000100000000000000000000
001100000010000100000000010001000000100100000000011010000000101000001000000000000000000000000000000000000000001000000000000000000000000000000000000000000000000000000000000000000000000000000000000000000000000
000000000000000000000000000000000000000000100000000000000000000000001101000000000000000000000000000001110000000000000000000000000000000000000000000000000000000000000000000100000000100010000000000000000000000
000000011000100000000000000000000000000000000000000110000000000111000000000000000000000000000000000000000000000000000000000000000000000000000000000000000000000000000000000000000000000000000100110000000000010
000000000100000000000001100001000000000000000000000000000000000000001101100000000000000000000000000000000000000000000000000000000000000000000000000000000000000000000000000000000000000000000000000000000000100
000000000000000000000000000000000000000000000000000000000000000000110000000000000000000000000000000000000000000000000000000000000000000000000000000000000000000000000000000000000000000000000000000000000000000
000001000000000000000000000000000000000000000000000000000000000000000000000000000100000000000000000000000000000000000000000000000000100100010000000100000000000100000000000000000000000000000000000000000000000
001101000000010000000000000000000000000000000000000000000000000000000000000000000100000000000000000000000000000000000000000000000000000001000000000100001000010100000000000000000000000000000000000000000000000
000000000000000000000001110000000000011100000000001000000000001000000000000000000000000000000000000000000000000000000000000000000000000000000000000000000000000000000000000000000000000000000000000000110000000
000000000000001000010001110000000000001000000000011100000000011000000000000000000000000000000000000000000000000000000000000000000000000000000000000000000000000000000000000000000000000000000000000000001000000
000000000000000000000011110000000000001100000000001000000000011000000000000000000000000000000000000000000000000000000010000000000000000000000000000000000000000000000000000000000000000000000000000000000000000
000001000000000000000000000000000000000000000000000001000000000000000000000000000000000000111000000000000000000000000000000000000000000000000000000000000000000000000000001100000000000000000000000000000000000
000001000001000000000000000000000000000000000000000001000000000000000000000000010000000000000000000000000000000000000000000000000000100011010000000000000000000000000000011100000000001110000000000000000000000
000000001000000000000000000000000000000000000000000100000000000111000000000000000000000000000000000000000000000000000000000000000000000000000000000000000000000000000000000000000000000000101110100000000000010
000000000000000010000000000000100100000010001000000000000100000000000000000000000000000000000000000000000000000000000000000000000000000000000000000000000000000000000000000000000000000000000000000000000000000
000000000000000000000000000001000000000000000000000000000000000000001001101000000110000000000000000000000000000000000000000000000000000000000000000000000000000000000000000000000111101000000000000000000000000
000000000000100000000001110000010111001100000000011100000000011111001100100000000000000000000000000000000000000000000000000000000000000000000000000000000000000000000000000000000000000000000000000000000000000
000000111111101100000000000001000000000000000000011011000000011100001101101000000111000000000000000000000000000000000000000000000000000000000000000000000000000000000000111111001111111110111110001011111111111
000000000000000000000000000000000000000000100000000000000000000000001100000000000000000000000000000001010000000000000000000000000000000000000000000000000000000000000000000100000000100010000000000000000000000
001101000000000000000000000000000000000000000000000000000000000000000010001000000100000000000000000000000000000000000000000000000000000001000000000100000000000100000000000000000000000000000000000000000000000
000001000000000000000000000000000000000000000000000000000000000000000000000000000000000000100100000001000000000000000100000000010000000000000000000000000000000000000000000000000000000000000000000000000000000
000001000000000000000000000000000000000000000010000001000000000000000000000000000000000001111000000000000000000000000000000000000000000000000000000000000000000000000000111100000000011110000000000000000000000
000000000000001000000001110000000000001100000000000001000000000000001101100000000000000000000010000001110000000000000000000000000000000000000000000000000000000000000000111100001111111110000000000000000000000
000001000000000000000000000000000000000000000000000001000000000000000000000000000000000000000000000000000000000000000000000000000000000000000000000000000000000000000011110110011110111111111011111111101111100
000000000000000000010001110000000000001100100000011110000000111100001001100000000000000000000000000000010000000000000000000000000000000000000000000000000000000000000000000000000000000000000000000000000000000
010000000000000000000000000000000000000000000000000000000000000000000000000000000000000000000000000000000000000000000000000000000000000000000000000000000000000000000100000000000000000000000000000000000000000
000000000111001100000000000001000000000000000000011001000000011111000000101000000111000000000000000000000000000000000000000000000000000000000000000000000000000000000000111101001111111110000000111011111111101
000000000000000010000000000000001100000010001000000000000100000000000000000000000000000000000000000000000000000000000000000000000000000000000000000000000000000000000000000000000000000000000000000000000000000
000001000000000000000000000000000000000000000000000000000000000000000000000000000000000000000000000000000000001000001111000000000000000000000000000000000000000000000000000000000000000000000001111011110000000
000000000100001000000000110000000000001100000000000000000000000000000000000000000000000000000000000000000000000000000000000000000000000000000000000000000000000000000000000000000000000000000000000000000010000
000000000000000000000001110000001000001100000000011011000000011000001101100000000000000000000010000001110000000000000000000000000000000000000000000000000000000000000000111100001111111110000001111011110000000
000000000000000000000001110000000000001110000000011000000000010000000000000000000000000000000000000000000000000000000100000000000000000000000000000000000000000000000000000000000000000000000000000000000000000
000000000000100000000001110000000111001100000000111110000000011101001100100000000000000000000000000000000000000000000000000000000000000000000000000000000000000000000000000000000000000000000011111000000000000
001100000000000000010000000000000000000000000000000010000000001111001000000000000000000000000000000000000000000000000000000100000000000000000000000000000000000000000000000000000000000000000000000000000000000
000001000000000000000000000000000000000000000000000001000000000000000000000000000000000001111000110100000000000000000000000000000000000000000000000000000000000000000000111100000000001110000000000000000000000
000000000000000000010001110000000000001100001000011110000000111100000101100000000000000000000000000001000000000000000000000000000000000000000000000000000000000000000000000000000000000000000000000000000000000
000001000000000000000000000000000000000000000000000001000100000000000000000000000000000001111000000000000000000000000000000000000000000000000000000000000000000000000000111100000000011110000000000000000000000
000001000000000000000000000000000000010000000000000000000000000000000000000000000000000000000000000000000000001000000111000000000000000000000000000000000000000000000000000000000000000000000001111011110000000
000000000000000000000000000001000000000000000000000000000000000000000101000000000011000000000000000000000000000000000000000000000000000000000000000000000000000000000000000000000011101000000000000000000000000
000000000000000000000000000000000000000000000000000110000000000111000000000000000000000000000000000000000000000000000000000000000000000000001000000000000000000000000000000000000000000000000001111010000000000
000001000001000000000000000000000000000000000000000001000000000000000000000001110000000000000000000000000000000000000000000000000000100011110000000000000000000000000000111111000000001110000000000000000000001
000000000000001000000000000000000000000000000000000000000000000000000000000000000000000000000000000000000000000000000000000000000000000000000000010000000000000000000000000000000000000000000000000000000100000
001100000001000000000000000000000000000000000000000001000000000000000000000000000000000000000000000000000000000000000000000000000000000000000000000000000000000000000000111100100000010000000000000000000000001
000001000000000000000000000000000000000000000000000000000000000000000000000000000100000000000000000000000000000000000000000000000000000100000000000100000000000100000000000000000000000000000000000000000000000
000000000000000000000010000000000010011010001000000000000100000000000000000000000000000000000000000000000000000000000000000000000000000000000000000000000000000000000000000000000000000000000000000000000000000
000000000000000000000000000000000000000000000000000000000000000000100000000000000000000000000000000000000000000000000000000000000000000000000000000000000000000000000000000000000000000000000000000000000000000
000001000000000000000000000000000000000000100000000001000000000000000000000000000000000001111010111111110000001000000111000100000000000000000000000000000000000000000000111111001111111111111011100111110000000
001100100000100000000000000000000010000010001000000010000100001000001000010100000000010000000001000001000111110100000000001000000000010000000100000000010100000000010001000111010000111111000011111100001111100
000000111000000000000000000000000000000000000000000110000000000111000000000000000000000000000000000000000000000000000000000000000000000000000000000000000000000000000000000000000000000000000110110000000000010
000000000000000000000000000001000000000000000000000000000000000000000101101000000011000000000000000000000000000000000000000000000000000000000000000000000000000000000000000000000111101000000000000000000000000
000000111000100000000000000000000000000000000000000110000000000111000000000000000000000000000000000000000000000000000000000000000000000000000000000000000000000000000000000000000000000000000000100000000000010
000001000000000000000000000000000000000000000000000001000000000000000000000000000000000001111000010000000000000000000000000000000000000000000000000000000000000000000000111100000000000010000000000000000000000
000000000000100000000001110000000111001100000000111110000000011011001100100000000000000000000000000000000000000000000000000000000000000000000000000000000000000000000000000000000000000000000011111000000000000
000000000100001000000000000001000000000000000000011100000000000000000000000000000000000000000000000000000000000000000000000000000000000000000000000000000000000000000000000000000000000000111110000010111000000
000000000100001100000000000001000000000000000000011000000000011000000000000000000000000000000000000000000000000000000000000000000000000000000000000000000000000000000000000000000000000000000000111011110100100
000000010000000000000001110000000001001100000000011110000000011111001100100000000000000000000000000000000000000000000000000000000000000000000000000000000000000000000000000000000000000000000111111000000000000
000000001000000000000001110000000111001100000000011110000000011111001100100000000000000000000000000000000000000000000000000000000000000000000000000000000000000000000000000000000000000000000011111000000000000
000001000000000000000000000000000000000000010000000001000000000000000000000000000000000001111010111111110000001000000111000100000000000000000000000000000000000000000000111111001111111111111011100111110000000
000001000001000000000000000000000000000000000000000001000000000000000000000010000000000000000000000000000000000000000000000000000000000010110000000000000000000000000000101111000000000000000000000000000000001
000001000000000000000000000000000010000010000000000001000000000000000000010100000100010010100001000000000111110100000000001000000000010001000100000100010100000100010001110111011110111111111011111111101111100
001101000000000000000000000000000000000000000000000000000000100000000000000000000100000000000000000000000000000000000000000000000000000001001000010100000000000100000000000000000000000000000000000000000000000
000001000000000000000000000000000000000000000000000010000000001000000000000000000000000010001000000001000000000000000100000000010000000000000000000000000000000000000000000000000000000000000000000000000000000
000000111000000000000000000000000000000000000000000110000000000111000000000000000000000000000000000000000000000000000000000000000000000000000000000000000000000000000000000000000000000000101110110000000000010
000001000000000000000000000000000000000000000000000000000000000000000000001011011111000000000000000000000000000000000000000000000000000000000000010000000000000000000000000000001111001110000000000000000011100
000001000000000000000000000000000000000000000000000001000000000000000000000000000000000001111010101111110000001000000111000100000000000000000000000000000000000000000000111100001111111110000000000011110000000
000000000000000000000000000000000000000000100000000000000000000000000101000000000000000000000000000000110000000000000000000000000000000000000000000000000000000000000000000100000000100010000000000000000000000
000001000000000000000000000000000000000000000000000001000000000000000000000000000000000001111000000010000000000000000000000000000000000000000000000000000000000000000000111100000000011110000000000000000000000
000000000000100000000001110000000111001100000000111011000000011000001101100000000000000000000010000001110000000000000000000000000000000000000000000000000000000000000000111100001111111110000011000011110000000
000000000000000000010001110000000000101100000000011100000000001000000000000000000000000000000000000000000000000000000000000000000000000000000000000000000000000000000000000000000000000000000000000001110000000
000001000000000000000000000000000000000000000000000000000000000000000000000011010101000000000000000000000000000000000000000000000000000000000000010000000000000000000000000000000111101110000000000000000011100
000001000000000000000000000000000000000000000000000001000000000000000000000000000000000001111010111111110000001000000111000111110000000000000000000000000000000000000000111100001111111110000001111011110000000
000000000000000100000000100000000000000000000000000001000000000000001101100000000000000000000010000001110000000000000000000000000000000000000000000000000000000000000000111100001111111110000000000000000000100
000000000000000000000000000000000000000000000000000110000000000101000000000000000000000000000000000000000000000000000000000000000000000000000000000000000000000000000000000000000000000000000000111000000000000
001100001000100000000000000000000000000000000000000010000000001001001000000000000000000000000000000000000000000000000000000000000001000000000000000000000000000000000000000000000000000000000000000000000000000
000001000000000000000000000000000010000010000000000001000000000000000000000000000000000000000000000000000000000000000000000000000000000000000000000000000000000000000001110111011000101111111011111111101111100
000000000001100000000000000000000111000000000000100110000000000111001101100000000000000000000010000001110000000000000000000000000000000000000000000000000000000000000000000100000000100010000010001000000000001
000000000000000100000000000000000000000000000000000000000000001000000000000000000000000000000000000000000000000000000000000000000000000000000010000000000000000000000000000000000000000000000000000011101000000
000000000000000000010001110000000000011100000000010100000000011000000000000000000000000000000000000000000000000000000000000000000000000000000000000000000000000000000000000000000000000000000000000000000000000
000000000000000000000100110001000010101100001000011000000100011000000000000000000000000000000000000000000000000000000000000000000000000000000000000000000000000000000000000000000000000000000000000000000000000
000001000000000000000000000001000000000000000000000000000000000000000000001011110111000000000000000000000000000000000000000000000000000000000010000000000000000000000000000000000011101000000000000000000000000
000000000000000000000000000010000000000000000000000000000000000000000101100000000000000000000010000000110000000000000000000000000000000000000000000000000000000000000000000100000000100010000000000000000000000
000000000000000000010001110000000000001100000000011100000000011000001101000000000000000000000000000001110000000000000000000000000000000000000000000000000000000000000000111100001111111110000000000011110000000
100000000000000000000000000000000000000000000000000000000000000000000000000000000000000000000000000000000000000000000000000000000000000000000000000000000000000000000000000000000000000000000000000000000000000
000001000000000000000000000000000000000000000000000001000000000000000000000010000000000000000000000000000000000000000000000000000000100000100000000000000000000000000000011110000000000000000000000000000000001
000000000000000000110001110100000010001101000000011100000001011000001101100000000000000000000000000000000000000000000000000000000000000000000000000000000000000000000000000000000000000000000000000000000000000
000001000001000000000000000000000000000000000000000000000000000000000000000000010000000000000000000000000000000000000000000000000000100001110000000000000000000000000000001100000000001110000000000000000000000
000000000110001100000000000001000000000000000000001100000000011000000000000000000000000000000000000000000000000000000000000000000000000000000000000000000000000000000000000000000000000000111110000001101011000
000001000000000000000000000000000000000100000000000000000000000000000000000000000000000000000000000000000000001000001111000000000000000000000000000000000000000000000000000000000000000000000001111011111000000
000000011000000000000000000000000000000000000000000110000000000010000000000000000000000000000000000000000000000000000000000000000000000000000000000000000000000000000000000000000000000000101110000000000000010
000000000000100000000001110000000111001100000000111100000000011111001100100000000000000000000000000000000000000000000000000000000000000000000000000000000000000000000000000000000000000000000010000000000000000
000001000000000000000000000000000000000000000000000011000000000000000000000000000000000001111010111111110000001000000111000111100000000000000000000000000000000000000000111100001111111110000001111011110000000
000000000000000000000000000010000000000000000000000000000000000000001100100000000000000000000010000001010000000000000000000000000000000000000000000000000000000000000000000100000000100010000000000000000000000
000000000000100000000001110000000011001100000000111110000000011111001100100000000000000000000000000000000000000000000000000000000000000000000000000000000000000000000000000000000000000000010010000000000000000
001100001000100000000000000000000000000000000000000000000000001001001000000000000000000000000000000001000000000000000000000000000000000000000000000000000000000000000000000000000000000000000000000000000000000
000000000000000000000000000000000010000010001000000000000100000000000000000000000000000000000000000000000000000000000000000000000000000000000000000000000000000000000010000000100000000000000000000000000000000
000000000000000000000000000000000010000010001000000000010100000000000000000000000000000000000000000000000000000000000000000000000000000000000000000000000000000000000000000000000000000000000000000000000000000
000001000000000000000000000000000000000000000000000001000000000000000000000000000000000000111010111111110000000010000000000000000000000000000000000000000000000000000000111100001111111110000000000000000000000
001101000000100000000000000000000000000000000000000000000000000000000000000000000100000000000000000000000000000000000000000000000000000000000000000100000000010100100000000000000000000000000000000000000000000
000001000000000001000000000000000000000000000000000001000000000000000000000000000000000000000000000000000000000000000000000000000000000000000000000000000000000000000001110111011110111111111010101111101111100
000001000000000000000000000000000000000000000000000000000000000000000000000000000100000000000000000000000000000000000000000000000000001001000000000100000000000100000000000000000000000000000000000000000000000
000001000000000000000000000000000000000000000000000000000000000000000000000010111100000000000000000000000000000000000000000000000000000000000000010000000000000000000000000000000111101110000000000000000011100
000001000000000000000000000000000010000010000000000001000000000000000000000000000000000000000000000000000000000000000000000000000000000000000000000000000000000000000001110111000110101111111011111111101111100
001101100000000000000000000000000000000000000000000000000000001000000000000000000000000000000000000000000000000000000000000000000000000000000000000100000000000100000000000000000000000000000000000000000000000
000000000000000000000000001000000010000010000010000000000001000000000000000000000000000000000000000000000000000000000000000000000000000000000000000000000000000000000010000000000000000000000000000000000000000
000000111000100000000000000000000000000000000000000110000000000111000000000000000000000000000000000000000000000000000000000000000000000000000000000000000000000000000000000000000000000000011110110000000000010
000001000000000000000000000000000000000000000000000001000000000000000000000000000000000001111010111101110000000000000000000000000000000000000000000000000000000000000000111100000111111110000000000000000000000
000000000100000000000001010000000000000000000000000000000000000000001101100000000000000000000000000000000000000000000000000000000000000000000000000000000000000000000000000000000000000000000000000000000001000
000001000000000000000000000000000000000000000000000000000000000000000000000010010100000000000000000000000000000000000000000000000000000001000000000100000000000100000000000000000000000000000000000000000000000
000001000000000000000000000000000010010000000000000001000000000000000000000000000000000000000000000000000000000000000000000000000000000000000000000000000000000000000001110111011110111111111011111110101011100
000001000001000000000000000000000000000000000000000001000000000000000000000010000000000000000000000000000000000000000000000000000000100010110000000000000000000000000000011111000000000000000000000000000000001
000000000000000000000001110000000000101100000000001000000000011000000000000000000000000000000000000000000000000000000000000000000000000000000000000000000000000000000000000000000000000000000000000001110000000
000000101000100000000000000000000000000000000000000110000000000010000000000000000000000000000000000000000000000000000000000000000000000000000000000000000000000000000000000000000000000000011110000000000000010
000001000000000000000000000001000000000000000000000000000000000000000000001011111111000000000000000000000000000000000000000000000000000000000010000000000000000000000000000000000111101000000000000000000000000
000000000000000010000000000000100110000010001000000000000100000000000000000000000000000000000000000000000000000000000000000000000000000000000000000000000000000000000000000000000000000000000000000000000000000
000001000001000000000000000000000000000000000000000001000000000000000000000000010000000000000000000000000000000000000000000000000000100010110000000000000000000000000000101100000000001110000000000000000000000
001100101000100000000000000000000000000000000000000000000000001001001000000000000000000000000000000000000000000000000000000000000000000000000000000000000000000000100000000000000000000000000000000000000000000
000001000000000000000000000100000000000000000000000001000000000000000000000000000000000001111010111111110000001000000111000100000000000000000000000000000000000000000000111111001111111111111011100111110000000
000000000000000000000000000001000000000000000000000000000000000000001100101000000101000000000000000000000000000000000000000000000000000000000000000000000000000000000000000000000111101000000000000000000000000
000001100000000000000000000000000000000000000000000000000000001000000000001000010100000000000000000000000000000000000000000000000000000001000000000100000000000100000000000000000000000000000000000000000000000
000001000000000000000000000001000000000000000000000001000000000000000000000000010000000000000000000000000000000000000000000000000000100011110010000000000000000000000000111100000000001110000000000000000000000
000001000000000000000000000000000000000000000000000001000000000000000000010100000000010000100001000001000111110100000100001000010000010101000100000000010100000000010001110111011110111111111011111111101111100
000000000000000000000000000001000000000000000000000000000000000000001100100000000101000000000000000000000000000000000000000000000000000000000000000000000000000000000000000000000011101000000000000000000000000
000001000000000000100000000000000000000000000000000001000000000000000000000000000000000000000000000000000000000000000000000000000000000000000000000000000000000000000001110111011110111111111010110111101111100
000001000000000000000000000000000001000000000000000001000000000000000000000000000000000000000000000000000000000000000000000000000000000000000000000000000000000000000001110111011110111111101010111111101111100
001101000000010000000000000000000000000000000000000000000000000000000000000000000000000000000100000001000000000000000100010000110000000000000000000000000000000000000000000000000000000000000000000000000000000
000001000000000000000000000000000010000010000000000001000000000000000000000000000000000000000000000000000000000000000000000000000000000000000000000000000000000000000001100101011110111111111011111111101111100
000001000001000000000000000000000000000000000000000001000000000000000000001011111111000000000000000000000000000000000000000000000000000011110010000000000000000000000000111111001111111110000000000000000000001
000001000000000000000000000000000000000000000000000000000000000000000000000010110101000000000000000000000000000000000000000000000000000000000000010000000000000000000000000000000111100110000000000000000011100
000001000000000000000000000000000010000010000000000001000000000000000000000000000000000000000000000000000000000000000000000000000000000000000000000000000000000000000001100001011110111111111011111111101111100
001100100000000000000000000000000000000000000000000100000000001001001000000000000000000000000000000000000000000000000000000000000000000000000000000000000001000000000000000000000000000000000000000000000000000
000000000000000000010001110000000000001000000000000101000000000000001101100000000000000000000010000001110000000000000000000000000000000000000000000000000000000000000000111100001111111110000000000010000000000
000000000000000000010001110000000000001100000000010100000000011000000000000000000000000000000000000000000000000000000000000000000000000000000000000000000000000000000000000000000000000000000010000011110000000
001101100000000000000000000000000000000000000000000000000000001000000000001000000101000000000000000000000000000000000000000000000000000000000000000100000000000100000000000000000000000000000000000000000000000
001101000000100000000000000000000000000000000000000000000000000000000000000000000000000000000100000001000000000000000100000000110001000000000000000000000000000000000000000000000000000000000000000000000000000
000001000000000000000001000000000000000000000000000000000000000000000000000000000000000000000000000000000000000000100000000000000000000000000000000000000000000000000000000000000000000000000000000011110010000
001101000000000000000000000000000000000000000000000000000000000000000000001000000100100000000000000000000000000000000000000000000000000001000000000100000000000100000000000000000000000000000000000000000000000
000001000000000000000000000000000000000000000000000000000000000000000000001010101011000000000000000000000000000000000000000000000000000000000000010000000000000000000000000000000011100000000000000000000011100
000000000000000000000000000000000000000000000000000110000000000010000000000000000000000000000000000000000000000000000000000000000000000000000000000000000000000000000000000000000000000000000000011000000000000
000000010000000000000001110000000011001100000000011100000000011111001100100000000000000000000000000000000000000000000000000000000000000000000000000000000000000000000000000000000000000000000011111000000000000
000000000000000000000000000000000000000000000000000000000000000000010000000000000000000000000000000000000000000000000000000000000000000000000000000000000000000000000000000000000000000000000000000000000000000
000001000000000000000000000001000000000000000000000000000000000000000000001010101110000000000000000000000000000000000000000000000000000000000010000000000000000000000000000000001111100000000000000000000000000
000001100000000000000000000000000000000000000000000000000000001000000000000001000100000000000000000000000000000000000000000000000000000001000000000100000000000100000000000000000000000000000000000000000000000
000000000000000000000001110000000111001100000000111110000000011111001100100000000000000000000000000000000000000000000000010000000000000000000000000000000000000000000000000000000000000000000000000000000000000
000001000000000000000000000000000000000000000000000001000000000000001000000000000000000001111110111110110000001000000111100110010000000000000000000000000000000000000000111100001110111110000000000011110000000
000001000000000000000000000000000000000000000001000001000000000000000000000000000000000001111000000000000000000000000000000000000000000000000000000000000000000000000000111100000000011110000000000000000000000
000001000000000000000000000000000000000000000000000001000000000000000000000000000000000001110010111111110000000010000000000000000000000000000000000000000000000000000000111100001111111110000000000000000000000
000000000000100000000001110000000101001100000000111110000000011111001100100000000000000000000000000000000000000000000000000000000000000000000000000000000000000000000000000000000000000000000110000000000000000
000001000000000000000000010000000000000000000000000000000000000000000000000000000000000000000000000000000000000010000000000000000000000000000000000000000000000000000000000000000000000000000000000011110000100
000000000000000000000001110000000000101000000000011000000000011000000000000000000000000000000000000000000000000000000000000000000000000000000000000000000000000000000000000000000000000000000000000001111000000
000001000000000000000000000000000000000000000000000001000000000000000000000000000000000001111000101100000000000000000000000000000000000000000000000000000000000000000000111100000000001110000000000000000000000
000001000000000000000000000000000000000000000000000001000000000000000000000000000000000001101010111111110000000010000000000000000000000000000000000000000000000000000000111100001111111110000000000000000000000
END
